"","BR-Sa3","CA-ARB","CA-ARF","CA-Ca1","CA-Cbo","CA-Let","CA-LP1","CA-Na1","CA-NS1","CA-NS2","CA-NS3","CA-NS6","CA-NS7","CA-Qcu","CA-Qfo","CA-SCC","CA-TP1","CA-TP2","CA-TP3","CA-TP4","CA-TPD","MX-EMg","MX-Lpa","US-ADR","US-AR1","US-AR2","US-ARM","US-Aud","US-Bar","US-Bi1","US-Bi2","US-Bkg","US-Bn1","US-Bn2","US-Bn3","US-Bo1","US-Bo2","US-Br1","US-Br3","US-BRG","US-BZB","US-CaV","US-CF1","US-CF2","US-CF3","US-CF4","US-Cop","US-CPk","US-CRT","US-Ctn","US-Dia","US-Dk1","US-Dk2","US-Elm","US-Esm","US-Fmf","US-FPe","US-FR2","US-FR3","US-Fuf","US-Fwf","US-GLE","US-HBK","US-Hn2","US-IB1","US-IB2","US-ICs","US-Jo1","US-Jo2","US-KFS","US-KLS","US-Kon","US-KUT","US-Me2","US-Me3","US-Me4","US-Me5","US-Me6","US-MOz","US-MRf","US-MtB","US-NC1","US-NC2","US-NC3","US-NC4","US-Oho","US-ONA","US-Prr","US-Rms","US-Ro1","US-Ro4","US-Ro5","US-Ro6","US-Rpf","US-Rwf","US-SCd","US-SCg","US-SCs","US-SCw","US-SdH","US-SFP","US-Slt","US-Snd","US-SO2","US-SO3","US-SO4","US-SRC","US-SRG","US-SRM","US-SRS","US-Sta","US-Syv","US-Ton","US-Tw3","US-Uaf","US-UMB","US-UMd","US-Var","US-WBW","US-WCr","US-Wdn","US-Wlr","US-Wrc","US-xCL","US-xJR","US-xNG","US-xTR","US-xUN"
"BR-Sa3",0,4964.03439868359,4943.0401010592,4134.36497113557,4551.35261591149,4067.04911926846,4933.64650765455,4913.15750784744,4841.41150334678,5411.03433694304,5330.26783762159,5045.01707322888,5241.15823791354,4494.84855067522,5030.76423532155,4547.22630323271,4237.78426973493,4176.29908837696,4551.87197856403,4704.75469385781,4587.28386595802,4303.18266912211,4615.9448101542,5212.2005164636,3918.91574244265,4447.06425448012,3221.84298385615,4626.61359747651,3784.8305571113,3131.03339541192,3935.11528961419,3657.08506640043,5485.7113911086,5223.06229836561,5272.9392450115,3472.14115535283,4005.33849985282,3808.08527891408,3677.72457065367,3109.52985242575,5422.08941000147,4061.70650404348,4192.35765285951,4283.65385681046,4043.51694257892,4254.40232019923,4892.15686235583,5630.7044888267,3932.55055600024,4377.77722247508,4658.61088728043,3012.95227683997,2981.21437253843,4436.67043346565,3675.10734522578,4068.85265563491,4548.53407513096,3368.92506848238,3243.77643782242,4069.6468109238,4241.33668184765,6569.87884482301,4562.12491476393,5030.05200944489,3456.48256886566,3370.0770517853,6144.11079228157,5010.40895932096,4735.77621463519,3111.4476066294,3034.84004676206,3140.08690142937,3968.62243986189,4434.81435787076,4643.94988919259,4678.63215054351,4644.46659529943,4698.41030544797,2991.12727554172,3501.25430014632,4812.12801317319,2818.02372134714,2504.80690523223,2490.2344863055,4492.27517440288,4174.33229267239,2602.71724676564,5379.61208590343,4551.82693253235,3752.19912468869,3802.9267905673,4023.48476833174,4042.39778072173,5123.29169517711,4304.48571108054,5476.62132583451,4205.0964376591,3914.83850387363,4998.95104248026,3769.55106404135,4017.95145346524,4089.03257291307,3209.24569457486,4909.2630825759,5044.22181944589,4949.1412870789,4805.78962052724,4506.89410693017,4885.88753253888,4436.84142329875,4549.08132903884,4696.65957366506,3678.94026497695,3070.2897296098,5601.5863243035,4735.95713699251,4908.28826065608,4261.66027416273,3328.06129489899,4430.77527981373,4649.90485268635,3274.75267763708,3834.97494112806,2734.86891068368,4766.21178896457,4272.83984324455,4329.62743490498,4386.211739262
"CA-ARB",4964.03439868359,0,962.170092075628,2685.03029813941,2625.01055165465,1968.86593207609,1911.58983532939,2419.43549898683,1571.13771994403,1629.84781940268,1616.47273327616,1139.28447602547,1537.11256498364,1298.07992548297,1653.54154247466,1244.81210381787,2328.80740911353,2969.23906890103,2740.0489074316,2857.40069202886,2857.55776851472,4099.91094646649,4475.44446014474,4146.80226411782,2897.69563320721,3049.98710876967,2890.97552193354,3847.46945699657,2445.18703880744,4006.26424531352,4227.79449277063,1813.78760995225,1931.50469581048,1757.18937919613,1818.56782174241,2361.37646014956,2789.77909381069,2241.62749394603,2181.25493561286,3094.54266363476,2107.72128809461,2364.36838039707,2825.20994736801,2926.90436674173,2657.36131796935,2696.2708539748,3706.24049844449,3470.05230302476,2333.81642456512,2449.00343201955,3988.47004967016,3231.20350075929,3450.72427011168,5125.43658670758,4375.30867104342,3228.61758344697,1895.95994591387,3717.65878821531,4038.1003248901,3351.52542153341,2546.60828818669,3961.39065891217,2694.19350126576,3390.08344969182,2400.07970053374,2442.94724234655,2035.17892224351,4300.66808966556,4078.36452071849,2689.44758870998,2683.93101302325,2962.52225377475,2421.50164300655,3030.26193757584,2713.54640384395,3013.7216818867,2643.05265188199,2880.55266168313,2933.0020011173,2950.73804925475,3868.70189501898,3916.94970576322,3801.82247007272,3289.02068734529,4760.88693482695,3007.06559805566,4104.05684485011,1476.16365117318,2348.42250292246,2266.92493058718,2069.28326628275,1975.47119534754,2068.24912540416,1407.79593098387,2449.18631005935,5156.7903203655,3689.63630043294,3594.16716506656,4463.53222156275,2365.19813630999,2041.30841639139,3152.08520198935,3106.96851791544,4102.35363511009,4152.74113064492,4187.89771213604,4337.96296312247,4257.91783874109,4270.39001286427,4262.67891514664,2252.96706179194,2419.48731237831,3827.94709140234,3984.8574855645,1684.35681249404,2553.96477279829,2644.10492404166,4096.74508898362,3121.8440853258,2472.11308334035,2226.10224377932,2915.24396032532,2497.48290237746,3696.16789318338,4168.80452400785,1975.50511779388,2215.32547011512,2176.45360078501
"CA-ARF",4943.0401010592,962.170092075628,0,2625.50513502929,2195.43307529196,1872.92026336912,1617.18983089946,1909.12088488639,1343.20239076747,1192.77706856284,1223.68759005004,911.848420685948,1172.46274912129,1755.97662406074,1262.71423696066,1313.32086453613,2142.84902640313,2648.35680029049,2292.68745597959,2388.3110927909,2434.6715097139,3936.3350084419,4139.76179126276,3992.48533567424,2668.36525859965,2827.54569022236,2758.49103395551,3668.99823566785,2276.77110949432,3999.19335863123,4236.80653491521,2020.27720947497,1682.40335561159,1423.39438535944,1606.59380485154,2309.05084078748,2592.20498542727,2176.09793288884,2168.4792899864,3132.24821650423,1979.62288624347,2331.98271451495,2671.70629979938,2696.99982642658,2516.22536437039,2584.58328443519,3556.49767334156,2929.02569425436,2861.8298770973,2223.76003867869,3833.39199007481,3247.96884185573,3167.81948499947,5645.7635552342,4894.17623796,2956.68897891062,1802.19426043781,3403.60125077888,3640.66262047842,3040.88392990483,2538.60679827133,3581.29897877667,2294.94965781789,3243.282009886,2547.96594114154,2593.13171097177,2463.42230824748,4094.86349845526,3881.62086643355,2541.62416760986,2938.74598028014,2684.83273590205,2258.55575148204,2694.14148161784,2593.96298916344,2829.33433966889,2415.09925023601,2664.33117793111,2678.59353368493,2778.1477591731,3387.4414711657,3746.49959547513,3550.61793942599,3361.26439035676,4959.16199805394,2588.08475839417,4118.46643341872,2055.62622427101,2118.12029701051,2275.59810007757,2096.40449406858,1967.39066282145,1912.38707693435,1358.98347193571,2112.38061327509,4973.22208184928,3660.56691390736,3556.50024603743,4115.54345418059,2014.64568165532,1956.35711908966,2713.57818383435,3386.6396733869,3741.44696784968,3837.25618582239,3856.99426380899,4190.08696227381,4157.96503364339,4068.80568664591,4104.62029883449,2102.06992894217,1940.18052419342,3676.30125612244,3922.46924296034,2035.81104504814,2072.38058073677,2122.65853311649,4018.61616613192,2865.09835955478,2183.81969508786,2173.83087421851,2823.99351500705,2442.65511861609,3426.96273938086,4036.18689333874,1900.87585451304,1808.85627489202,1852.40318007104
"CA-Ca1",4134.36497113557,2685.03029813941,2625.50513502929,0,1997.02698731775,1868.38413101134,1629.70583874968,2109.98016805177,2684.32221056761,2439.32359667484,2264.7691215214,2556.60491902973,2157.33272929717,2587.34270218037,2093.4765212013,2204.98536108691,1346.68455231138,1943.0006423116,1815.68014785528,2030.96018888273,2094.64361087905,2902.85622056101,3868.64697112832,3313.53523149126,2343.54044851564,2436.92293669944,2233.3235595701,2998.17611658027,2029.94219191229,2211.0486909524,2976.57698298022,2363.4313505236,2125.23090580028,2171.77687540152,2188.66324672746,2226.63805666504,1940.44253550166,2157.34439120819,2123.07548857656,1947.97120082889,2189.86845909017,2151.51797360126,1828.61672143322,1894.05980053719,1857.50883224152,1821.84838092234,2772.02605692524,3181.00507914193,2873.61976704653,1958.1805560026,2770.63847403762,2308.73542925812,2597.38712645061,5612.1331418721,4685.64864789383,2633.14500126166,1861.24196442687,2506.73116597907,3013.03947217727,2777.01303503163,2061.17047723798,4348.58743086761,1984.07298938525,2292.27757499036,2248.35261497574,2460.6006769304,3267.10174783618,3405.73495475985,3212.08481038561,2322.38924269922,2568.22036020477,2654.363932108,1808.67364694815,1908.65358405295,1626.39140148671,1779.32705549815,1603.61072756459,1742.87903101046,2574.48731656294,1635.98240882007,3019.97582498055,2482.93494774427,2472.53249544659,2555.59042157383,4871.43774429115,2448.84280332573,3028.76720396762,2706.35746015444,1839.83208732048,1970.27666258956,1997.75317691538,2004.46177164177,1843.81200007551,2023.66746905712,1921.44719645981,4418.02464122906,2469.03511705384,2313.86692826506,3639.42843102886,2050.82070369493,2209.85882970629,2253.42185972457,2820.6418305778,3291.1475290551,3425.98829030105,3354.81970018942,3461.91376022931,3364.13118483209,3724.03339542935,3443.91973588879,1910.59775847229,2397.75805440748,2404.8493250704,2437.00573774928,2775.35278775527,2178.35931566304,2210.12574074795,2422.13139592169,2100.1512725407,2872.47057958064,1991.17840868755,2566.06055450173,1207.19950163276,3162.82623445918,3111.95776859199,1659.54755109246,2054.74537861998,2327.26012051076
"CA-Cbo",4551.35261591149,2625.01055165465,2195.43307529196,1997.02698731775,0,2211.30886618459,1587.63351392917,1219.64512931304,1957.98092434399,1850.09605590442,1878.50716881146,2331.72020163132,2104.45471489453,2972.12707306908,1434.84507753405,2578.43959698594,1459.5899968795,1416.56443043684,904.84336224987,831.750165656404,813.819104113117,3530.32213910734,3833.42000074308,3803.54991906329,2548.68422323892,2515.61457608646,2803.3348175757,3223.74308591312,1726.33784934954,3015.29459810303,3459.68427512199,2286.66368174922,2210.13274036717,2037.89167799823,2303.55995281951,2250.42505365516,1908.76158226271,2204.58969717395,2212.28764459617,2803.8311880824,2731.7848595916,2609.93908951916,2123.51595980312,2176.98600942373,2394.06710223985,2287.37670212076,3258.11645640599,2023.71951090259,3022.39827893483,2106.96475092304,3451.98951434223,3041.83414257098,2393.53578179742,6059.87518685215,5049.50389391686,2252.67460616688,2056.66367827975,2663.14546859206,2932.93374469727,2375.56324453275,2279.14127258946,3301.4498299457,1156.48771477029,3066.96932849945,2442.38390176395,2338.79714008981,3901.35516378996,3813.56590697535,3487.53577067639,2490.39152428509,3026.44629199165,2310.00406969856,2144.94108211091,1625.79643109152,2068.26327652094,2406.49951930341,1761.19549032663,1996.90786131656,2118.98738922676,2367.61274178733,2330.12333743106,3147.15918022176,2682.0417717774,2987.94139450668,4152.46666426797,1099.86631852082,3457.0853634502,3237.01615447008,1741.16123723547,2274.63976736656,2035.1794349397,2159.74719866458,2019.22601094198,2381.67258001578,1707.95834100186,4732.76792341871,3192.59513100783,3034.27092747745,3464.89385570366,1665.4874745066,2061.97302892787,1313.27459226572,3285.62434022861,3382.83405989734,3567.27296043043,3541.88847804805,3831.29126589576,3629.0941457471,3696.75167867628,3479.46030149808,2068.80581241152,1266.37779733269,3196.92900163328,3081.94001235961,3405.36124748083,679.97541453814,721.099229784078,3633.81570479136,2056.00802956118,1654.70698219623,2226.13775829145,2625.63617898402,2220.97260589924,2798.53859658968,3607.38333339061,1745.07167050793,970.523398983764,1178.32778435843
"CA-Let",4067.04911926846,1968.86593207609,1872.92026336912,1868.38413101134,2211.30886618459,0,1678.86317782749,2464.79816876076,1910.09957184091,2160.94840922125,2084.75222204629,1855.86764732686,1991.44725368892,1818.11814874825,1976.92522158384,1422.21181585533,1493.30944375707,2422.12185308826,2197.84806435354,2302.83338758854,2208.325857009,2933.12397645509,3572.22642600054,2935.19340953474,1653.45645373735,2005.455747116,1680.68615676375,2663.52824740284,1463.82961782224,2841.34747383844,3009.42225118607,1432.11184250419,2069.68256668163,1780.33308742393,1800.24653156576,1423.45987023954,1740.04822296153,1552.97667752954,1430.59673140625,2109.0372466758,2222.75456307104,1518.98480266687,1543.01464202317,1602.16330307662,1411.1172011665,1509.30643751677,2271.92473229959,3243.12476590426,2084.46505828787,1323.04018539367,2432.87859954493,2077.26413756928,2334.20009644452,4676.59890378804,3821.15013064031,2057.05941041796,1118.64326824248,2640.29280263459,2828.38266429481,2135.24190132821,1452.28551143757,3827.27769424111,2218.89759112408,2264.84715581683,1567.57304718685,1795.52820954138,2894.60088479499,3096.61503234419,2939.01382593503,1477.1364694054,1873.51105705067,1976.14073411062,1724.58627335406,2046.72699409563,1546.13369381745,1978.98162251376,1561.19175488533,1764.5447256746,1905.31694848361,2140.24036663273,3225.09393620338,2706.50527874419,2720.26240173382,2337.04716900495,4489.44092380178,2283.57587605639,3332.91523684065,2230.11179069,1572.11900708108,1468.65687840595,1296.16985523115,1426.32568872785,1451.16647288863,1619.86586518615,1394.43121945578,3994.88191570453,2478.96151470687,2297.52859163647,3298.57854175751,1577.20214248626,1564.51767242722,2391.67173031729,2449.03416105064,2977.54096618412,2996.43849819384,3067.49234983579,3118.44911539953,3131.49043073832,3314.33142572771,3186.04178693122,1490.02702084985,2089.86011053774,2295.63830840614,2908.1756708067,2461.62855862522,2235.10920762442,2314.83339881066,2561.10005912381,1952.28607573319,2277.25739816132,1517.07048636332,1771.34804242582,1496.73483146181,2525.92170395297,2736.8385015271,1292.16654693684,1842.30538394918,2008.78486705852
"CA-LP1",4933.64650765455,1911.58983532939,1617.18983089946,1629.70583874968,1587.63351392917,1678.86317782749,0,1541.45171285661,1749.25659798649,1275.18466964114,1135.09937295508,1426.89063053148,1071.5936930793,2254.58300724773,1065.04686969455,1744.49048384346,1183.65112830452,1919.9166369449,1402.61751898998,1603.59430726761,1722.28240545489,2765.12951200096,3173.16308123649,2833.99637408478,2274.16611407688,1798.47292727819,2556.01661673125,2576.03258490563,2115.00013131152,3259.30202416596,3551.61334272766,2236.08924193795,1066.06064567669,1254.95991093017,1300.09724026804,2345.33474956587,1880.86949211618,2222.98582740281,2209.25832560751,3005.4894953697,1637.14324489473,2271.47661383361,1906.29576596411,1902.90013247272,2090.77389340839,2013.11771603822,2379.06166552926,2500.47625442445,3054.55043097677,1580.33610750224,2839.8626993516,3027.85201040272,3148.63738645889,5806.40228446635,4919.3227847238,2453.2589195727,1321.49804062296,2605.67509046283,3077.17073114794,2585.53121996171,1917.09027970271,3682.24910037799,1944.23785927632,2037.44854195481,2542.01117619503,2702.05499934283,2674.22356802272,2940.49906579354,2679.70378744994,2571.17661739615,3066.52334997946,2942.8206168013,2004.85700683173,1977.03029411069,1453.08295227653,1878.95359981804,1263.1712658259,1458.61528753844,2741.91644559889,2443.21372497644,2587.46221453888,3491.16419416858,3328.91193778894,3328.33481416899,5206.6131289722,2319.571270356,3581.72071224345,2180.41125982211,1459.02590941889,2217.95547537421,2059.7855604173,1968.84257098045,1850.30571418252,1344.80910458726,1751.40352689251,3922.88821019139,2512.65198237719,2519.56762088717,2931.58723337718,1768.06648829797,1996.65683071149,1826.93006804377,3403.75490350756,2695.90224042755,2770.34030760975,2832.23666276018,3095.58791735557,3114.0385621345,3086.62697425274,3041.44271503216,1458.01404298772,2031.63006815305,2691.21300913512,3436.62010791765,2204.04012444367,1363.90174178088,1468.54708514406,2972.64562084789,2461.23408783993,2530.086241502,1552.17593719575,2835.9633147655,1791.4411642988,3470.38102675525,2811.3161738367,1414.43679908473,1618.17664204163,1906.35222221255
"CA-Na1",4913.15750784744,2419.43549898683,1909.12088488639,2109.98016805177,1219.64512931304,2464.79816876076,1541.45171285661,0,2084.04717003615,1619.9184424182,1605.45272490465,2111.88203100502,1855.41983740994,2939.45596434867,1295.10511130651,2632.47962221257,1703.89254547135,1693.85908370724,1181.06350631784,1209.1720960559,1394.82788545885,3619.31468014913,3861.7239901902,3895.80833383009,2842.71798005668,2650.42987456395,3066.24422888486,3522.06031195307,2273.42595829904,3396.61490529974,3991.46301254286,2534.3475131777,1843.94347433433,1752.29784527906,2064.35708794539,2704.13282779424,2341.80108309678,2568.57034988888,2602.79419392651,3135.28854398985,2552.66556672322,2845.07679041799,2555.58941916905,2578.14260625502,2722.13403187185,2696.49439043635,3496.6743824386,1827.24549972181,3437.08968656832,2301.46615794072,3635.5926450587,3343.29570064861,2882.02352416499,6327.83767203911,5325.08608020555,2696.40556246654,2152.01465547851,2835.43493154488,3194.628385737,2810.90038246962,2612.89699944644,3291.81981561503,1490.50947291506,3136.50576787365,2896.68336009593,2827.72497116119,3594.8817119161,3876.82441964131,3589.70307305528,2865.8466494357,3373.40673588099,2874.3495264545,2294.7267626177,1906.35186703095,2343.24653038613,2549.8155952758,1999.83569434441,2252.40619566633,2684.8524602861,2602.45675122414,2347.24771654111,3473.44970850918,3083.68316694941,3384.33953970595,4680.24638936642,1838.2029114426,3675.86712507873,3184.41400814395,1956.09815666838,2638.91496251281,2453.70510914632,2431.93150735659,2228.57184491336,2169.36935073911,1999.99025581014,4825.01688399294,3424.2388814216,3317.86291092308,3733.28306076353,1957.65483615916,2329.80608376016,1786.93060762262,3591.03002386575,3477.66413929736,3630.5574326445,3598.84737439273,3981.36095818127,3824.32985604654,3809.63462959655,3670.82001578554,2097.16175440943,1501.87238788285,3490.06024515277,3444.76317670392,3107.95460555812,1217.12440465757,1174.57060180095,3906.83452026593,2444.77664288983,1999.36625989995,2246.84630130798,3026.31279278986,2470.386379438,3291.58874051064,3885.93946401831,1967.42235380691,1423.0751944756,1540.51293243279
"CA-NS1",4841.41150334678,1571.13771994403,1343.20239076747,2684.32221056761,1957.98092434399,1910.09957184091,1749.25659798649,2084.04717003615,0,1071.71022478379,1247.50383478388,1120.61213466476,1531.78467900624,1978.73300873485,1179.67884021021,1446.08925381778,2169.96718525731,2734.36746880849,2100.61533321202,2077.60910140318,2168.98641265584,3970.91119657318,4196.78268828152,4138.81159358076,2796.58874593157,3014.60069395184,2905.60029794581,3677.80990533828,1984.30934248904,4176.94186337474,4252.79010463138,1988.25236385381,2109.6904747568,1883.87462569085,2056.90276714203,2424.74562492843,2713.0646481397,2374.36540816854,2287.21412458681,3247.13764222595,2579.58746715828,2589.21313092523,2838.80266259875,2933.95132212067,2718.47275508372,2842.65628213877,3602.2286960451,2982.50673393213,2883.2431037601,2542.00339524785,3717.27553424523,3417.14919514683,3070.88381187632,5752.81959804764,4757.11801275053,2531.9074642315,2092.45555732283,3455.67117964399,3406.77450470979,2634.79071313903,2500.15725884826,3242.45559195422,2151.98844839335,3482.89085546006,2510.35509964151,2457.04423916679,2837.17791694761,4194.15837450659,3874.04904413241,2529.53300435365,2784.23981609713,2635.63143233664,2623.13668503575,2318.07162396403,2521.80551252859,2845.53157845451,2210.61889631472,2532.25245855973,2413.01884922618,2703.56290060715,3154.87136290408,3828.82870865116,3539.72445771131,3242.20313343333,4486.28052077849,2376.67134531454,4229.13522695068,2136.30851022661,2377.99188872136,2482.51084999581,2034.95143220571,2147.50430155407,2351.44271341441,1871.18282962703,2234.58766586678,5076.41979293666,3680.17712318429,3451.10357172677,3840.78906759143,2288.46803482368,2212.51468905886,2713.83478456281,3053.67036544032,3857.03335732936,3992.56122243907,3982.60271769781,4202.7606800584,4188.20025030786,4147.01377727359,3943.16215541407,2547.05264946874,1659.0371406718,3643.59819609921,4034.93966295896,2249.9529346664,1965.24673528297,1913.93179872378,4108.96476700488,2922.42639578195,1718.99622943552,2552.73926935356,2825.09542987071,2287.06654199843,3136.82395679829,3994.76063126275,2127.52941465538,1666.97955162445,1624.59887147272
"CA-NS2",5411.03433694304,1629.84781940268,1192.77706856284,2439.32359667484,1850.09605590442,2160.94840922125,1275.18466964114,1619.9184424182,1071.71022478379,0,525.373397750454,1001.86352178611,893.111837481235,2409.1881793905,806.820097611402,1723.3075519137,1934.96857318008,2484.99166515059,1877.58842457361,1957.96084971709,2094.9443146822,3622.58549929635,3815.43723968809,3698.06369079485,2736.2710234415,2692.19261661768,3076.86999852543,3396.42199444545,2361.48288370912,4099.05117536292,4320.64391966871,2551.73492850261,1433.65763952758,1470.11840745929,1631.96231474735,2767.92384085199,2578.61744287653,2663.50725386511,2668.76538776914,3504.57891211688,2012.827480259,2737.42013835691,2721.40751678619,2751.14411315093,2708.22553749404,2717.00412704602,3319.56881177159,2624.27835950969,3544.12052429849,2280.88508340727,3698.84072452638,3553.4967650696,3405.44293170485,6369.46657344677,5380.77660711239,2598.10282760685,1859.35620664934,3295.54166241408,3434.83020813449,2759.37426792932,2422.43458014816,3309.36331889696,2107.25167980568,3081.80855236185,3068.22943312466,3102.48408904816,2565.97888337753,3769.97320801229,3490.65486071284,2985.92903914227,3509.37900963456,3189.61844420031,2398.41647515147,2327.61091084746,2330.02513522481,2618.69502849131,2047.80584047353,2306.10404059751,3007.44424597561,2781.43220256815,2985.98811452281,3946.54029289139,3661.47544038073,3761.14519849587,5263.68376329762,2377.31777538127,4077.56762503612,2216.98532539604,2186.75370212685,2673.99278062655,2490.14635238581,2420.04151376763,2233.38193671021,1353.53631397297,2285.59789644941,4672.95868828567,3371.83808607282,3265.34666161505,3604.32888297948,2192.54092676585,2311.08531642208,2374.39796213159,3786.14973297085,3475.20731816981,3585.56520132969,3598.17939024789,3856.2724133542,3888.70459865352,3758.18662306814,3727.10230836075,2195.14246159153,1849.13593252727,3619.66668062833,4099.31073328467,2119.52216360541,1720.41583203329,1761.64056512514,3993.6446445857,2913.87332413174,2347.64268628832,2198.41423709817,3242.49370725047,2348.76257508177,3648.97584121447,3735.74803950625,1975.88916173241,1625.58638594081,1798.9820000053
"CA-NS3",5330.26783762159,1616.47273327616,1223.68759005004,2264.7691215214,1878.50716881146,2084.75222204629,1135.09937295508,1605.45272490465,1247.50383478388,525.373397750454,0,956.575699898434,657.182963556836,2312.16624286626,857.45462959652,1689.22562745243,1777.53926783758,2387.93909705957,1840.22014627546,1986.17176453739,2088.3350283251,3441.86825695264,3718.89905357518,3520.78224232068,2653.00712382093,2539.3146998334,2979.1431033687,3209.93028395795,2283.91424363535,3855.26922184757,4085.81179158466,2484.11372497373,1312.21290882549,1418.58834340604,1564.89673886517,2672.06942643035,2416.51583304591,2531.79882472228,2541.7284883135,3357.02518913262,1821.99991264961,2634.22687966898,2566.30084308562,2613.18813496498,2595.86296587722,2554.76138993628,3141.36953827509,2700.08741810753,3458.24966704717,2100.60383902277,3607.95712497355,3405.40459103826,3371.64103992343,6273.52966687022,5299.09712761912,2656.88801373851,1697.484620398,3114.81345895333,3343.9325091908,2831.80716513162,2357.27772677424,3524.55039030659,2101.72559384753,2889.03226941828,2933.90076017249,3010.80281299103,2565.18619749084,3587.96724024924,3347.10786035868,2900.133450534,3399.42476378017,3179.88579575093,2252.94601197721,2309.33063911702,2144.08724092507,2463.39862889316,1914.70844838688,2101.83421223918,3007.24346727609,2723.47866768588,3031.40138601088,3799.27157185166,3567.92126889033,3615.63053789142,5340.43587561337,2475.49094670168,3934.21320366213,2136.04381877282,2064.82888916796,2535.27537218618,2350.64655060929,2274.89050415794,2109.92828822194,1365.41700042106,2218.51945152087,4511.53104234419,3217.64523496404,3111.02106939584,3553.15757376236,2048.17926818055,2225.47816264823,2293.24911766728,3725.68684183334,3303.42067869474,3429.53312577322,3424.5700126285,3708.67585726919,3726.31016917263,3634.62270329502,3608.15730660078,1999.80761302172,2013.99887614824,3432.38729451555,3893.77251179931,2031.54533511065,1714.29158400889,1793.26536335656,3813.46848160426,2757.67494523616,2498.99586737864,2007.94703822834,3135.17486159528,2237.33567840206,3642.37155269302,3557.91552763325,1807.11957970996,1701.84106281073,1897.76950267219
"CA-NS6",5045.01707322888,1139.28447602547,911.848420685948,2556.60491902973,2331.72020163132,1855.86764732686,1426.89063053148,2111.88203100502,1120.61213466476,1001.86352178611,956.575699898434,0,840.206211656471,1688.60366801814,1266.86830668615,1226.80277990099,2083.01706704641,2787.41091307852,2360.52730419702,2497.95932716346,2530.45795959052,3698.92128915385,3970.15177317137,3715.4231759462,2654.51541153535,2672.69148222272,2762.1731325313,3426.33788590762,2277.85463105862,4056.82102923671,4187.61527965374,2053.31112191683,1578.2628391689,1551.23074614673,1667.71991173579,2354.67760086554,2531.78869847322,2105.86304422574,2095.68878714396,3184.7181095122,1979.89571519741,2441.94417595684,2720.94206033482,2755.41145112118,2591.40634013722,2642.83402892755,3275.61751679817,3194.26272471723,2830.69242385946,2243.1969894256,3702.76253556557,3361.2733644355,3318.14633498345,5586.72002901818,4827.30851731119,2901.88161185293,1703.85559943532,3421.60598390372,3676.71471935187,3110.40506631655,2398.93709211066,3783.87683589504,2494.5850608387,2991.73751039543,2518.3318350238,2672.64375664941,2286.27079546057,3836.11781258187,3613.47602206777,2519.92152552899,2852.8993978602,2809.145744383,2294.20313322395,2809.81653420202,2427.81655146628,2740.55380193523,2265.19033537975,2480.23303113199,2730.95935855156,2890.44883342202,3513.18422233541,3840.18826080992,3665.04450254201,3374.43910333332,5021.1705810938,2749.65821433127,4025.36258743828,1707.89289683755,2247.10053641209,2309.51421244798,2001.16694090945,1925.67918457049,1963.49288138028,1322.58913398941,2351.36669387755,4706.96150380844,3425.07918250544,3357.78143833565,3896.13255484196,2184.01769482015,1954.63877039242,2758.69963700969,3377.11995426884,3607.63265711763,3676.77431552651,3703.63080692609,3934.41556574914,3950.72521962949,3857.72131757362,3888.15361633601,2148.41873629297,2195.9555761533,3658.34627452374,4035.48188616844,1727.72129538856,2149.43107692053,2252.87039006115,3901.58318857863,2934.63093558883,2369.34931509683,2169.60260966549,2936.93330149459,2349.26413722926,3432.84882564435,3765.65640344088,1914.83753190052,1918.78769740297,1999.91373998843
"CA-NS7",5241.15823791354,1537.11256498364,1172.46274912129,2157.33272929717,2104.45471489453,1991.44725368892,1071.5936930793,1855.41983740994,1531.78467900624,893.111837481235,657.182963556836,840.206211656471,0,2098.21971239384,1094.70336470734,1420.33353926682,1705.64364628936,2438.14054710505,2063.64065324257,2251.41589396642,2303.74844074056,3230.86901511435,3545.19316936731,3209.30046902826,2518.42735880052,2347.36741355297,2799.55356057941,2908.33006759592,2388.38397619052,3627.42029214806,3805.5475611313,2412.02141959045,1184.35714922628,1313.97935868115,1339.99847766643,2550.27976208643,2168.82194327027,2267.90750384366,2280.43657676364,3164.26724920739,1478.63035848558,2440.19331616336,2433.74198688775,2469.23268608062,2455.58868742788,2374.56931695512,2766.38526249682,3001.49613537132,3254.44018006135,1901.725885363,3410.50357687818,3210.0613895234,3499.90093284007,5989.54704505977,5147.82415116796,2767.00354475328,1456.33909595182,3055.73860524879,3469.87474628616,2976.3293146251,2166.39486913396,3919.26837770718,2321.05549210493,2497.86845814502,2698.71772457903,3008.00862996425,2326.96981076394,3347.04545769398,3170.7755634528,2825.11926056933,3256.85811549959,3186.60862508861,2071.04522291851,2568.80849588697,1985.19707195283,2347.21477992051,1901.39272958692,2042.77969213195,3112.0952531667,2842.80058430031,3202.00145400317,3719.39418072676,3629.54552121509,3549.56606357669,5592.03329361732,2665.9790304308,3819.97740211019,1935.75872068989,2009.17406307252,2268.18336370396,2172.30023272062,2018.93997886038,1882.15221860935,1205.00593950494,2223.90798792893,4274.24196924683,2965.0500562455,2936.57716731994,3428.59086817289,2030.96886673465,2037.9055368008,2407.27612264234,3660.80583933241,3160.71686356283,3224.51762198557,3232.87279510831,3490.75274287865,3499.78407192354,3473.86758187035,3469.84738202425,1835.41605870471,2288.28556895654,3259.24266430669,3711.25849023875,1783.40190967373,1910.76859062557,2022.08266059326,3449.30296550068,2801.40933932898,2757.75347773035,1823.13323978843,3157.35036980782,2145.44059049275,3732.14499225003,3242.77489472367,1605.06409333815,1869.94395518055,2125.69945464743
"CA-Qcu",4494.84855067522,1298.07992548297,1755.97662406074,2587.34270218037,2972.12707306908,1818.11814874825,2254.58300724773,2939.45596434867,1978.73300873485,2409.1881793905,2312.16624286626,1688.60366801814,2098.21971239384,0,2105.02945947476,1302.13826018521,2458.34599185278,3202.81796148229,3142.89458910292,3282.84609014943,3180.95682219643,4310.83396111866,4901.70211300048,4420.95272599667,2965.33004448548,3384.95917043871,2831.06549724008,3963.02166666716,1989.36689136027,3698.22879577946,3794.62758370389,1484.97175111943,2391.36711776316,2206.94009493928,2098.23820034386,2030.16413243595,2874.80727745853,2158.53123087243,2024.4100958305,2740.14990088584,2373.49450668726,1693.62868338045,2755.94344887454,2930.13301152557,2608.79780950398,2640.70076401375,3802.84219768938,4085.75891432164,1751.90479185881,2637.45518419542,4029.06062401722,2677.11113916223,3000.64014355323,4298.00619181457,3760.20711770044,3299.1516154661,2071.92502902676,3958.05551739771,4132.20670181119,3253.1515930416,2492.71933307203,4358.54410607726,2971.00843580461,3542.43462959237,1815.27920966562,1755.90347738772,2428.02781171652,4589.00293671551,4416.66968451392,2220.0936631014,2147.51272638348,2705.99338343997,2504.95507704688,3175.87618967017,2802.9527418493,3053.14314973546,2795.44814672354,3044.89215499627,2502.6141871631,2681.76315847992,4331.7608306454,3554.897132005,3582.38186043049,2738.52419466587,4215.85508378122,3292.95659903489,4222.56124972755,1728.69936862158,2551.99022030219,1758.99959042015,1823.97376967908,1812.38657351372,2076.15585398346,1839.35573814184,2563.44015775822,5447.33662220034,3756.36176153353,3572.25481373606,4822.49246549726,2610.37182003969,2104.79374204628,3563.02123970569,2726.8031277337,4464.96033136335,4493.31561436124,4525.10225237664,4585.19393009257,4413.55014580402,4650.995943228,4498.93410692142,2528.61006716884,2600.3192707854,3562.55288969622,3780.72077582289,2103.89958512275,3020.55665833422,3131.68907551932,3959.91127217928,3015.94067959881,2320.75860141055,2376.1571160655,2360.78195228631,2214.74111679575,3530.43817444955,4262.1472294746,1930.30377582537,2431.73030385879,2351.71231924038
"CA-Qfo",5030.76423532155,1653.54154247466,1262.71423696066,2093.4765212013,1434.84507753405,1976.92522158384,1065.04686969455,1295.10511130651,1179.67884021021,806.820097611402,857.45462959652,1266.86830668615,1094.70336470734,2105.02945947476,0,1728.4040377143,1622.76367592592,2107.3311859384,1496.17182945117,1550.14073143864,1642.64795192096,3509.26173016239,3745.05553810115,3688.32051699282,2513.65794850118,2558.39947983995,2827.2381363682,3275.58133099706,2087.91186133893,3762.61248700413,4013.29214284567,2317.26755751832,1406.39668614747,1352.97443028623,1534.50088237245,2469.38423727846,2243.14235862188,2434.23710716979,2416.99376176566,3200.90769373446,1985.56473789628,2418.57360713441,2433.2810234259,2498.73778110621,2466.12881560705,2454.10953751544,3234.82940480944,2380.9951339271,3255.09527939682,2102.08906743419,3523.67813080251,3215.95511216929,3050.28591103539,6085.36067985231,5094.75455506819,2389.89645328504,1722.02229232196,3038.38708816428,3153.96802763768,2512.55975768382,2228.15897529951,3101.15136702302,1709.83925259206,2962.49399570619,2758.41144498456,2773.44757235728,2752.81027082403,3732.76215972404,3434.49345841626,2744.79021513204,3296.66747386122,2928.90320954793,2200.5486238563,1973.86977301862,2089.27238624118,2397.44842039569,1845.371634548,2083.71722530335,2650.51346265027,2513.14342259152,2703.82174686185,3592.61502566572,3280.00420930268,3423.88040051798,4905.86436928988,1979.7775417766,3889.72929313663,2240.61887900692,1919.04179086058,2377.0206873505,2208.26457440502,2138.13958174294,2018.02945606631,1371.9582537851,1899.46489983326,4649.79033108494,3194.06728012844,3039.79350357938,3535.495810996,1920.00329636754,2102.69732382327,2135.17364259693,3527.41482846793,3386.07576821375,3505.89852174814,3507.86300763008,3796.01222183926,3776.63758299882,3715.43180773899,3559.3575439079,1996.61372008183,1462.10706541354,3312.76854664692,3750.91031122962,2296.69173794813,1374.7129427776,1409.06050986772,3743.69657182425,2601.73267571648,1940.60982544648,1991.83279024376,2956.53519496638,2067.69988632728,3397.5154329465,3628.56266567662,1686.47600590344,1210.93162399452,1410.49767416292
"CA-SCC",4547.22630323271,1244.81210381787,1313.32086453613,2204.98536108691,2578.43959698594,1422.21181585533,1744.49048384346,2632.47962221257,1446.08925381778,1723.3075519137,1689.22562745243,1226.80277990099,1420.33353926682,1302.13826018521,1728.4040377143,0,2144.92563059337,2907.64387354492,2721.49607610633,2863.78588362622,2765.73672623021,3786.31151839194,4266.30916692036,3801.62197087978,2376.81578808091,2808.00964999009,2251.04030982948,3405.83002785181,1953.71216920984,3517.38870005849,3693.03313913003,1601.08851427275,1792.80972467866,1578.0559660395,1577.34145638253,1937.45458664232,2454.75054953642,1933.0334056208,1795.58108103441,2592.39413075795,1843.63578632698,1944.480599408,2313.36193258549,2435.73531230974,2125.32694127915,2188.55977212608,3087.2488001752,3590.73886500686,2463.6672791988,2158.08250124132,3282.8833854596,2755.47794438133,2996.27540573543,5142.77450493447,4393.21841175836,2665.94795638273,1595.14583887138,3399.84223991144,3556.75845815367,2805.21119340063,2000.05595081364,3993.83966729235,2614.76074330669,2920.00736355555,1978.11668400568,2282.54534886974,2262.95724122085,3948.55369176218,3714.81131768249,2033.90522884193,2297.43533212383,2437.32298348996,2112.30641852911,2696.49800703618,2273.73754152325,2573.83211321297,2244.48737670189,2497.35481267422,2434.50182904367,2653.50552954851,3833.11405872211,3394.05213827574,3349.36433127722,2859.39345961153,4943.54269929902,2836.42491267763,4009.38722555472,1560.94496474779,2150.26577540032,1742.75153370867,1696.07076199718,1650.19719246096,1791.34594904407,1240.55193107193,2109.59859433898,4847.03946986082,3408.42986318223,3169.14725254838,4087.1109101878,2183.18009251186,1814.59445578727,3109.41462318919,2893.88591646777,3862.60113166287,3945.48590274026,3937.92212068907,3951.30831611648,3903.77622146149,4070.23430920874,3889.66928007219,2063.23388333715,2185.71632697543,3100.95084753212,3496.39705386721,1798.88657670991,2571.74522713887,2682.16458087681,3411.0720606856,2641.68180654585,2316.34148824356,2031.04884989872,2489.96350605956,1923.4230810487,3086.33266357434,3590.78196069582,1566.10149518629,2004.3412275218,2011.17569931127
"CA-TP1",4237.78426973493,2328.80740911353,2142.84902640313,1346.68455231138,1459.5899968795,1493.30944375707,1183.65112830452,1703.89254547135,2169.96718525731,1934.96857318008,1777.53926783758,2083.01706704641,1705.64364628936,2458.34599185278,1622.76367592592,2144.92563059337,0,1311.24170688597,1074.34121186323,1261.54510762772,1439.19535686027,2531.49206421402,3277.1437921413,2871.86910451612,1965.88004004782,1766.99156455547,2064.66883390644,2332.39995826768,1782.19993733141,2567.29736474374,3142.88711242877,1922.85691503208,1625.71165420516,1701.81463897732,1720.47868320673,1805.87459229562,1388.17635915568,1760.08307444657,1706.63305579437,2150.66342391037,1878.11393141472,1852.22164148822,1628.93411422201,1563.53896266901,1698.75112403009,1682.4237301665,2204.34047805348,2681.92253642858,2540.02207459647,1341.23969714641,2694.2949547718,2183.32039034408,2414.94243749092,5314.0858396757,4354.35198798261,2220.98662506847,1338.51079978408,2124.68611495591,2700.53744471062,2220.59649471516,1739.47261788007,3929.00840955987,1783.83807760733,1971.25718046127,1914.98801474723,1990.22158124067,3136.38152292541,2928.61119595805,2735.90906401327,1932.49914333184,2406.77239127017,2416.45747273706,1563.53062634477,1789.85471918973,1351.18373368752,1803.47045577598,1271.22824331313,1374.70276276933,2210.52605938308,2119.15798515544,2448.22939851216,2654.16401359974,2690.36944920073,2479.0886122914,4742.01937632855,1959.15003330282,2800.55122606522,2532.08355392607,1479.81194015666,1776.86010411849,1599.53995570328,1661.21765761914,1490.43325098378,1833.23515565231,1618.68031280292,3907.09920821177,2172.01424338787,2144.53183584621,3129.57034918734,1441.93549361242,1697.27759588786,1662.9817563373,2977.05786159189,2576.24663646372,2709.06003603876,2679.2223482678,2975.24155531017,2789.8748153162,3048.48524719822,2780.34727709646,1424.27915453355,2162.98447082636,2320.37493459577,2819.76730310305,2662.0631899202,1489.46083962158,1534.62974298713,2501.15948235993,1770.63749441396,2598.36230082433,1454.9140611894,2235.40911804672,1581.62295270013,2962.89359818216,2601.23185389753,1253.39788781913,1663.01187862003,2022.75292439808
"CA-TP2",4176.29908837696,2969.23906890103,2648.35680029049,1943.0006423116,1416.56443043684,2422.12185308826,1919.9166369449,1693.85908370724,2734.36746880849,2484.99166515059,2387.93909705957,2787.41091307852,2438.14054710505,3202.81796148229,2107.3311859384,2907.64387354492,1311.24170688597,0,1260.21747889863,1517.4564967596,1610.49634919268,3391.15552245054,4001.73918122326,3831.79204130138,2764.73840500793,2600.34302580773,2719.08654856986,3265.97903172229,2099.41749184311,2588.97533188492,3435.82205660752,2373.14306394606,2361.66224177231,2290.29139693383,2458.62449950213,2199.81172622997,1870.8466897404,2140.08388994366,2175.53011511115,2361.82694964771,2703.44131696319,2605.91584723432,2257.18812204298,2225.8279694119,2411.95159776544,2376.15123765332,3273.63230890934,2721.75781343251,2980.06081069988,2197.00261595005,3533.13316997266,2752.57067046803,2312.49834182646,5819.91617940078,4819.92965713995,2796.57908127848,2228.75764732892,2613.91959323804,3128.04046519096,2784.72808881265,2578.2417977671,4251.39090085177,1667.28927399457,2930.4163683411,2349.85905463831,2323.88917156909,3923.12797333293,3804.73802444306,3567.09433559616,2582.88901334754,2933.68693686924,2610.37422944297,1986.02539710267,2202.46664594399,2227.64119184904,2515.64468175534,2021.19219353158,2190.56172694395,2432.11322755743,2421.53633399844,2672.88332336545,2638.60654953456,2296.69669284951,2626.84461551145,4485.97637762311,1689.64044208884,2995.43305572083,3364.6056556431,2053.48374237238,2237.83064705283,2128.19683942291,2166.54724205799,2070.36898144412,2596.69565975183,2119.40701357063,4802.03980173564,3116.69758937892,3054.11276481798,3850.75499170093,1795.45367865678,2084.3376636117,1686.31999398187,3390.35991406452,3327.40090423002,3515.13116452735,3429.76671867372,3883.62571800692,3573.83750856892,3843.15849512751,3563.71752198395,2137.72289336742,2304.97312465475,3100.77002735004,2905.73845237242,3495.04412119915,1486.77463305402,1610.57301135152,3373.60184861844,1959.09391728251,2623.12277259221,2284.97130763067,2743.02878117515,2363.03193916948,2896.30571622028,3622.60328737843,1992.24780443633,1753.78416352935,2027.34702617939
