"","BR-Sa3","CA-ARB","CA-ARF","CA-Ca1","CA-Cbo","CA-Let","CA-LP1","CA-Na1","CA-NS1","CA-NS2","CA-NS3","CA-NS6","CA-NS7","CA-Qcu","CA-Qfo","CA-SCC","CA-TP1","CA-TP2","CA-TP3","CA-TP4","CA-TPD","MX-EMg","MX-Lpa","US-ADR","US-AR1","US-AR2","US-ARM","US-Aud","US-Bar","US-Bi1","US-Bi2","US-Bkg","US-Bn1","US-Bn2","US-Bn3","US-Bo1","US-Bo2","US-Br1","US-Br3","US-BRG","US-BZB","US-CaV","US-CF1","US-CF2","US-CF3","US-CF4","US-Cop","US-CPk","US-CRT","US-Ctn","US-Dia","US-Dk1","US-Dk2","US-Elm","US-Esm","US-Fmf","US-FPe","US-FR2","US-FR3","US-Fuf","US-Fwf","US-GLE","US-HBK","US-Hn2","US-IB1","US-IB2","US-ICs","US-ICs","US-Jo1","US-Jo2","US-KFS","US-KLS","US-Kon","US-KUT","US-Me2","US-Me3","US-Me4","US-Me5","US-Me6","US-MOz","US-MRf","US-MtB","US-NC1","US-NC2","US-NC3","US-NC4","US-Oho","US-ONA","US-Prr","US-Rms","US-Ro1","US-Ro4","US-Ro5","US-Ro6","US-Rpf","US-Rwf","US-SCd","US-SCg","US-SCs","US-SCw","US-SdH","US-SFP","US-Slt","US-Snd","US-SO2","US-SO3","US-SO4","US-SRC","US-SRG","US-SRM","US-SRS","US-Sta","US-Syv","US-Ton","US-Tw3","US-Uaf","US-UMB","US-UMd","US-Var","US-WBW","US-WCr","US-Wdn","US-Wlr","US-Wrc"
"BR-Sa3",0,4954.94520623546,4934.3310992436,4126.72059913766,4539.8976427213,4069.09103016236,4920.22832303856,4898.45697804705,4841.38547176573,5399.41683849815,5316.71605910922,5036.45425877787,5227.10601907271,4491.89142295527,5021.38445938012,4547.83801034347,4226.91181645798,4162.40560931278,4538.35661496931,4692.77065466879,4577.637591928,4290.3164874553,4605.5191970145,5202.53980770424,3916.55462114246,4436.23747208237,3221.07442423275,4618.36868309865,3787.50960187418,3121.84200734523,3929.79991050159,3659.46016884616,5467.9604248376,5212.67781156973,5262.61943677581,3476.25942734695,3997.6159608226,3806.55477261124,3678.35641039634,3110.58468303378,5406.83528069918,4064.19309401778,4185.39356493332,4273.84384490446,4040.88041161738,4249.19158881399,4886.47281804541,5616.39075172809,3927.17093987378,4368.77970203372,4654.92973892847,3012.73779628833,2982.28034636838,4401.68642399154,3658.18092294436,4066.72023325827,4541.73375032822,3358.14670126347,3239.69478138061,4068.08856476535,4238.22725304208,6568.66895505868,4554.55980266864,5016.81774639531,3461.1369483208,3371.16384679203,6098.50873750056,6126.82868974116,4998.13369713897,4726.1015262155,3114.80808086413,3037.50803633347,3144.83359463279,3960.08787397925,4428.25163421964,4633.85004646874,4670.85550642912,4634.09855670578,4685.57606598627,2995.57016867717,3502.18265000373,4796.5973374468,2817.9835487195,2501.53181023528,2495.00376260136,4458.96920372539,4168.68324065272,2592.38084946394,5365.57843035196,4540.48278276198,3755.65295222631,3804.01330715939,4023.46089922116,4036.91193145955,5115.42553517241,4299.95898260362,5471.85086475112,4195.33575255026,3909.3710339993,4991.42246161022,3761.18326803597,4015.96262653475,4072.6333851369,3211.02343868469,4891.32574486782,5027.54356245887,4931.39767565093,4799.04395824887,4497.4745713482,4875.61634422048,4431.01259852847,4537.16747082382,4694.9373851612,3675.3123652389,3064.2400312654,5584.30525371567,4721.34177565483,4894.97167469079,4254.60718359895,3325.07819113768,4437.07463140743,4639.2042288666,3275.03958266049,3835.21545491082
"CA-ARB",4954.94520623546,0,949.243679605363,2666.53419096626,2606.80698317765,1954.4068709749,1891.57180853736,2403.09934770669,1562.30256060128,1615.83474689114,1600.71377121478,1129.19547949486,1520.10548244972,1281.55070949639,1639.44842178914,1233.28035552543,2308.74575357737,2952.98680804234,2719.82878962004,2837.05060111634,2837.76610696349,4079.27801668094,4453.57332827779,4127.21941684023,2879.3228841062,3027.58355913351,2875.20462522912,3827.83528834834,2428.69101704204,3988.88237017785,4206.49569965356,1802.62761474548,1909.94064512022,1740.96745154401,1801.55928283986,2346.22604398533,2772.27558702337,2230.74602852396,2170.99666934237,3082.0490942418,2089.08023532683,2342.94179965266,2805.6146946729,2907.05476974518,2643.40781601419,2679.85794147253,3689.52481824473,3453.96688653129,2320.57917347263,2430.76536276917,3967.76018585859,3212.00198407706,3432.49001804377,5076.53579954272,4343.5021951141,3214.13592134003,1880.52258876844,3696.98893054541,4019.79477543699,3334.70946659614,2528.80652277722,3952.95770960079,2678.9683808685,3369.19119775423,2386.4817886673,2428.98967250655,1997.65604798076,2023.3117365261,4279.98026330268,4059.88907483938,2671.3463838569,2672.22521078109,2947.06347996824,2407.88338889248,3012.1273132772,2693.55425726993,2994.93950017715,2622.48683644118,2860.38172939204,2916.09568000454,2935.32708597562,3850.04679680937,3904.25253336078,3788.21552825961,3275.93203711811,4720.48953789212,2992.53127479776,4091.89635385301,1464.30625251027,2327.69026008505,2250.35419141479,2057.27728816468,1964.92683656438,2056.45599268698,1394.88277951874,2431.29364908111,5140.50765600181,3670.14295466904,3575.83522888561,4446.28242270935,2349.02405406193,2030.95120912135,3131.90008257356,3095.39715594074,4078.92116724608,4129.63007542954,4164.19441509875,4320.57882614607,4239.24932270826,4250.75905796223,4246.64873374495,2236.16509192868,2405.02798903411,3806.27078732507,3968.3044428048,1672.75710595548,2533.87982500885,2623.90788106406,4077.32895835944,3102.87038938325,2458.99219906155,2208.92071062815,2894.3600218164,2480.56891097959
"CA-ARF",4934.3310992436,949.243679605363,0,2611.71132330103,2182.66512888254,1863.78697903825,1604.40741989265,1900.02016747336,1335.22028826972,1186.32240994968,1215.79226394965,907.0616958978,1164.59427181219,1735.54337739987,1254.41247054169,1304.80204911357,2128.8471070915,2638.13279804921,2278.72940523401,2373.99007563572,2420.09615099711,3923.35157222295,4126.1648892997,3981.39696289192,2657.26822806081,2813.47378627808,2749.79753105025,3656.91923017288,2265.36167137153,3985.13604154156,4217.35971589629,2008.02136101659,1669.68421357435,1414.52236770097,1597.89153917068,2296.24323459634,2580.31043493334,2170.10626725049,2160.90417546519,3122.76062028169,1968.40961552089,2316.08922855315,2655.62051741061,2682.65379650784,2506.98891402609,2573.23780615142,3546.66583255825,2919.81416262058,2837.51629387589,2213.40889351335,3819.31657647329,3231.85426751065,3154.52584825717,5588.35252838989,4852.83436670021,2948.03956215831,1794.16249992304,3389.31272172301,3629.41680217681,3030.4933262439,2525.39895257574,3575.89490457899,2284.95507433634,3230.96594783787,2534.18426676978,2576.24666996632,2425.68569541773,2446.97146498799,4082.95460100557,3870.77056275537,2529.26383321412,2924.95068882169,2674.35288565219,2254.46764175949,2679.95697497567,2579.51901467325,2816.2219735124,2400.47665473864,2650.37553653436,2664.8208594264,2766.84634834045,3375.71064770458,3739.08108450959,3541.97266859978,3348.32178782048,4909.70946506422,2578.58005572497,4108.56255087043,2035.96268848723,2103.92681207876,2262.72066644714,2086.69024954468,1961.98750344524,1909.04242819079,1352.6596339429,2100.06970014528,4965.30981048527,3646.795478438,3542.46880642878,4105.17402973803,2006.61138226053,1949.68502191103,2700.4152233481,3370.05402904521,3726.55322139628,3822.80022111562,3842.64869676159,4179.97249169646,4146.39224247663,4057.3424615239,4094.17730349952,2092.72381246072,1930.7153479213,3659.42108837123,3909.49997429627,2019.38399917941,2058.62328210172,2108.57196546624,4002.58789208143,2851.69746860934,2170.8634640454,2163.79010120999,2806.74023268838,2429.95743181881
"CA-Ca1",4126.72059913766,2666.53419096626,2611.71132330103,0,1998.06302100101,1863.85183529268,1626.5208704428,2107.06458989409,2671.95930749442,2431.06184247135,2256.8102693193,2540.8600558002,2149.73985742674,2564.33041402481,2089.22171379324,2194.82055865462,1345.31802453563,1944.13484773173,1812.83135709989,2029.57143220813,2095.49191264519,2900.39050679185,3864.79995177831,3312.95685469481,2345.02206267287,2436.25260630508,2231.55243315175,3001.03414532401,2019.93993067056,2213.47506938975,2973.37198571213,2352.57884643006,2117.27389491929,2167.01572792082,2184.57242918987,2219.41295102273,1941.96146421354,2149.93673728936,2115.15370216258,1942.44874843159,2182.44421369652,2141.36730431162,1832.08998093856,1897.42263547469,1858.46428783579,1824.83988546968,2776.70337666445,3180.9264864763,2849.81207308728,1959.18901826009,2774.31095502497,2300.65812563283,2588.59711170971,5555.9604495113,4646.9499186411,2634.09839643981,1858.71536519203,2505.19484906704,3012.3844417727,2776.11940171475,2062.9947376014,4347.40596777163,1985.3710726946,2288.71327781355,2237.70587032546,2444.28174600451,3191.87224223114,3244.24930167018,3403.7467623686,3213.28290136697,2313.0601076279,2553.95820871486,2646.99295438076,1805.23691418115,1910.90163568713,1627.55504978651,1782.47119641287,1604.94571191573,1741.60343831473,2563.63906298407,1628.40885887691,3020.97917466248,2481.3963426891,2470.5437718975,2545.53650989708,4821.49231525714,2451.04991399437,3023.645810596,2683.78226862578,1839.79257718063,1963.16524332129,1989.48292543728,1995.93940716699,1837.61225538468,2016.23131656759,1923.89385671669,4420.5294224181,2470.87110595823,2317.69358346141,3644.07059468383,2052.16324799983,2204.0034978471,2251.11562594094,2807.13380813554,3285.23791840877,3420.48061014011,3348.50896896445,3465.12770961606,3366.054782935,3724.20492677801,3448.22193616947,1910.88508408501,2395.59886521785,2405.39863963471,2439.0039933096,2750.66088864435,2176.21811425588,2208.64026595899,2425.76406545163,2100.02038930258,2862.71948687167,1990.57160959882,2554.17255206854,1202.32535373567
"CA-Cbo",4539.8976427213,2606.80698317765,2182.66512888254,1998.06302100101,0,2204.66780329096,1587.67264312496,1217.89806340151,1946.35170029712,1844.6970475411,1873.08743972155,2319.16066332243,2100.36958471284,2946.27088579136,1431.68496911649,2566.57560371029,1462.09844189429,1419.74854482762,903.919238915553,831.263047841575,814.007254247981,3532.01266315217,3832.3541252964,3805.83806160458,2547.74803560451,2517.95653836562,2798.05831181081,3228.08164822368,1712.64105152851,3015.16930711393,3452.55616859675,2272.05637946522,2206.5017887287,2036.46156097099,2303.31111515364,2238.48534129668,1911.039537037,2197.2265129657,2204.31669214096,2795.51220330663,2728.20541823687,2596.96106009309,2123.43295713703,2178.89367039929,2391.14027633392,2287.3336924152,3265.91950911084,2024.69023087109,2994.22714322836,2109.47919232162,3454.48634355501,3030.73306471033,2379.47068232623,5999.46816608704,5006.96933470393,2250.51208056285,2056.89335322091,2661.96823172593,2929.94823220036,2370.71084757225,2278.97473804671,3297.96689720837,1155.73530557525,3067.98682307556,2427.84842989472,2318.09126106569,3817.83522165674,3883.38152124077,3814.26396365511,3490.58130783034,2476.97485239848,3008.27919792215,2296.84939872713,2143.77682023658,1624.23660236908,2071.43227454286,2409.48918748228,1763.58283866876,1999.06824885564,2102.17345505173,2357.88141044459,2331.92433060921,3143.17284916843,2676.48772839585,2973.76928816509,4096.43729134246,1096.84513302417,3452.69321586118,3218.22756352165,1740.39918000012,2264.53894786018,2024.85441826249,2151.92997693476,2013.74455791467,2378.0490451419,1706.65951581631,4738.10040487909,3196.41500998424,3037.32634319115,3470.32367797152,1665.41949315023,2056.24801647742,1310.13015864068,3268.31789960294,3380.02693304957,3565.24736529037,3539.17564848175,3836.00775797294,3632.58730379441,3698.25435858602,3484.97968918705,2072.26750435561,1259.28483574689,3196.58248623877,3080.37851759983,3384.61761350381,677.774316933125,719.900414199962,3635.51731928754,2050.52519761252,1639.54481284502,2228.90254416015,2609.13174586698,2214.72078745195
"CA-Let",4069.09103016236,1954.4068709749,1863.78697903825,1863.85183529268,2204.66780329096,0,1665.90127518212,2455.12375242102,1904.38821718736,2149.47052657566,2071.50131459467,1844.50394053871,1977.31670615879,1802.9881616338,1968.32059781673,1418.20136942455,1483.62977711018,2416.49834605769,2187.48934726313,2293.33917373315,2200.0836027922,2918.16275284407,3555.00157201038,2919.06526092061,1648.75827244114,1990.95077863743,1680.63366191191,2651.62491394807,1461.44760560929,2836.99859479828,3000.75004423036,1429.27817342787,2051.72386819195,1769.72502603516,1788.92094083727,1422.50966660175,1732.68279580985,1550.883938462,1429.28309766774,2109.92093652741,2206.83580540492,1514.2354308196,1534.64584737114,1593.19741786701,1407.57740866852,1503.21151907628,2262.59391388739,3234.09192751946,2068.45536273034,1312.9286643426,2425.92699237556,2072.28630770682,2330.89602935047,4626.04393253282,3788.32494828753,2056.84421320636,1110.33315091382,2629.53001641938,2825.05154179256,2133.47295560121,1446.95430791981,3828.05168357236,2216.88275263892,2249.65865933772,1564.91135528349,1788.27567146446,2918.19911278363,2872.79852783083,3079.42258207457,2924.41479427659,1474.06409491364,1866.7892461986,1975.30035922092,1720.522752541,2041.708237371,1535.98168415043,1972.07579088846,1551.65314291768,1752.44414952629,1901.83963189679,2141.63593491789,3215.58639013424,2710.51318658747,2723.88257219746,2335.44734031721,4448.35552898292,2282.33450937414,3324.35172634513,2209.76448624114,1563.32505829916,1466.35604908362,1294.38738948006,1423.95232533804,1447.44356395567,1611.45035794235,1390.83302498525,3983.25003722928,2467.34313562429,2290.03863956732,3287.43168423359,1573.50063391715,1562.54104151721,2379.28814173143,2442.87378324961,2957.61775585078,2976.28374276493,3047.93647054057,3105.98174289579,3119.59408668551,3299.6586441341,3175.88179787803,1479.77192284738,2090.11312419198,2288.7251426222,2906.619480752,2438.40006942538,2224.01044214893,2304.65971203361,2552.45990142057,1949.04011397307,2276.46351611334,1506.95937051236,1763.78547056874,1495.11772942781
"CA-LP1",4920.22832303856,1891.57180853736,1604.40741989265,1626.5208704428,1587.67264312496,1665.90127518212,0,1542.66063843029,1732.34357078915,1268.86554752997,1129.82899234305,1412.5354414864,1066.42987814398,2224.3946354746,1059.80544399219,1726.57156651759,1182.3336370611,1923.31350714171,1403.51723602268,1603.93568737445,1720.856534947,2764.98850169962,3171.0538516854,2835.29952932022,2266.58418537516,1800.43217526799,2545.38956117797,2578.25949974319,2097.77584687443,3258.60503419583,3542.37745819303,2218.06814334372,1063.16325588869,1252.16265871275,1297.0260044672,2329.87265156633,1878.80280494242,2213.59220024545,2197.78022056029,2994.77790162798,1632.67266504613,2252.83937467679,1902.59464821351,1901.6254443258,2084.34311572609,2008.67716511309,2382.59386432785,2505.41741454492,3022.65667381604,1579.52194130439,2835.08152349161,3012.66820945061,3133.00736193239,5740.98222544997,4871.44810660372,2445.21626872404,1317.85137555756,2603.76868748054,3070.78615112672,2574.85517042472,1910.20186286177,3676.21975326882,1942.41120688111,2037.32995800543,2524.32457496915,2679.02575265888,2652.24452609381,2654.89618443935,2940.81105944459,2682.51084919607,2552.40812032795,3044.55063202701,2926.84752524883,2002.11768690469,1972.03776352818,1451.76836963195,1877.81936723607,1261.83458076477,1458.68133976652,2722.74997314888,2430.92160650753,2590.11911538669,3484.03871028777,3321.41787492185,3311.87831291596,5149.40077333241,2315.70872490153,3578.85857679049,2155.88024868943,1457.13070418323,2203.97575757311,2045.83752401063,1957.92477073317,1843.50669203466,1337.99253874473,1746.01360236518,3926.99654961818,2512.67572907539,2516.03331068947,2935.76500157867,1765.28279983646,1988.3883050558,1829.50305725371,3382.82577533876,2691.96461339583,2766.38208562884,2828.27800397095,3098.38888281989,3115.86508429454,3087.53440359906,3044.13176860639,1459.85834528791,2022.54408737335,2685.64942072951,3433.5243094375,2181.58600286775,1365.74106013678,1469.90162848135,2971.02123623341,2453.16433590894,2513.33219189569,1551.71499618158,2815.93921982709,1779.3404870456
"CA-Na1",4898.45697804705,2403.09934770669,1900.02016747336,2107.06458989409,1217.89806340151,2455.12375242102,1542.66063843029,0,2070.86147846747,1618.06542350755,1604.57310591152,2102.96096282623,1854.99115113928,2911.8013504905,1293.52067064553,2618.10084791428,1702.73868184549,1694.02548750904,1179.03868947909,1206.74061699038,1392.05893920701,3620.24729555934,3862.03734525925,3899.88584618005,2838.17564401107,2651.86574650218,3057.69302882935,3524.3914038642,2257.19816894105,3393.25991873743,3982.27702090399,2517.08557355028,1844.24742187202,1752.61376838241,2065.12966403912,2689.10279600154,2340.50211705277,2559.88511000819,2592.14456728806,3123.52745745016,2552.13749333638,2828.23247419714,2552.94901459266,2577.59575350099,2718.25356665702,2694.57480515666,3501.89038399396,1828.84314995573,3405.7769575469,2302.29588020653,3633.81723173708,3328.25694990846,2864.8708100662,6263.76584055837,5278.52001646332,2690.31551245513,2151.33417896876,2832.52532059593,3188.34533592512,2802.27857502497,2609.09893253958,3285.91499084738,1486.99605672308,3138.45358901955,2879.2189393871,2804.3512786337,3511.15258793015,3579.47867530893,3878.94276816309,3593.00756326078,2849.06454218967,3352.53220598322,2858.89904393388,2292.81024343753,1901.58335803171,2343.03871784082,2549.49758728933,1998.84186290933,2252.29106124034,2665.48217543028,2589.30056474148,2347.04794544273,3465.85907814932,3074.81676670753,3366.78887339194,4621.2537393654,1832.88645489098,3670.93525259252,3164.52793080768,1954.23675393874,2626.20351370446,2440.79077701717,2422.63103578492,2223.65583474958,2168.01642236471,1996.1015247469,4832.08493558686,3425.39736820233,3316.78601153295,3737.65178881261,1954.77080696146,2322.66311512382,1785.75196394669,3570.00419067036,3476.59775891005,3630.08985455572,3597.66028269409,3985.58865884233,3826.50626253416,3812.41093498998,3673.84825908562,2100.2035050025,1492.88833706904,3485.41202295136,3440.16648366573,3091.05651944536,1216.12071464134,1173.4204334816,3905.91873058247,2436.22174248707,1982.02535206514,2248.30557448781,3006.72697662185,2460.28436108533
"CA-NS1",4841.38547176573,1562.30256060128,1335.22028826972,2671.95930749442,1946.35170029712,1904.38821718736,1732.34357078915,2070.86147846747,0,1058.71625597123,1233.29534876594,1111.81520820054,1517.32421981876,1965.90824633963,1168.2794205067,1441.55920975028,2156.73597681127,2724.81126856145,2085.36575450306,2062.93213957684,2155.28618780481,3954.85420901323,4178.10714800064,4122.68193269249,2786.34776621125,2998.45885974444,2899.50121468881,3664.98032208148,1975.62467881432,4165.50706222807,4237.22193574897,1986.56459060059,2090.90470311728,1872.12997735513,2045.16012174424,2418.81618086153,2702.97181914832,2373.30037468271,2286.05562630353,3242.94985717084,2564.10475930741,2576.95282790062,2825.29731480315,2921.19584096997,2710.07564100657,2832.53934910291,3590.20479145619,2970.18141935937,2867.01687448069,2530.09118171363,3701.85465513376,3405.48784607352,3060.51811869589,5703.58764732548,4725.61476825038,2524.3469084515,2083.27026689516,3441.71750950617,3395.47359898756,2626.1607291068,2489.12292078077,3239.61901417098,2144.03032212352,3466.07774704602,2506.09967542957,2449.62649715115,2854.84648142394,2823.39824436919,4176.85312000874,3859.19722710003,2522.09102910901,2779.40793939635,2631.14157777777,2615.45487125556,2304.98832493107,2508.74898178215,2832.82220776138,2196.60401109174,2518.13149617279,2404.47127266267,2695.01923602507,3141.71802977588,3823.84430908859,3533.73858225596,3237.95515559305,4444.07824006525,2368.77502150408,4221.25996112058,2123.13446505233,2364.13408434022,2474.82022848885,2032.96812388123,2145.08087776053,2344.78013175882,1862.59732848873,2224.0109602636,5063.50159499769,3666.99189608377,3438.84677488187,3828.27248584918,2280.46466218012,2208.94663413632,2698.0722755577,3047.32745072274,3836.8698858524,3972.75645058785,3962.34018045896,4190.02246775789,4174.92041933288,4131.21608905806,3932.98792981642,2535.68987607897,1651.76087255542,3627.9869716442,4025.0177589886,2235.18060084474,1949.79468081981,1899.1153843097,4095.67597667581,2910.79824529297,1714.39104934824,2541.64550279049,2813.49589674599,2275.41773420162
"CA-NS2",5399.41683849815,1615.83474689114,1186.32240994968,2431.06184247135,1844.6970475411,2149.47052657566,1268.86554752997,1618.06542350755,1058.71625597123,0,523.072092178452,993.778348174856,890.934364998417,2382.65165711698,803.255003938527,1710.49490326104,1927.73141789107,2481.94503177229,1870.76613209646,1950.49102880577,2086.43260852645,3616.5182528182,3808.64489930904,3692.88912889097,2729.94642123526,2685.53864619752,3069.52845739959,3391.9807282544,2345.86214055103,4092.30003565025,4306.52278349626,2535.77226522822,1427.3575299972,1466.07440075679,1627.83801696977,2753.97256992397,2573.76656410992,2657.64449315161,2660.7769280784,3495.46695721516,2007.60472216299,2719.77318054292,2712.31177676873,2743.987265697,2702.03990577277,2710.92441611888,3315.77202202452,2622.71855953105,3514.01716102894,2276.50318279183,3689.14409258456,3540.13681522994,3390.8460436248,6306.17199511976,5335.20269737131,2592.61827613457,1856.04394532936,3288.58994433465,3427.91891098967,2750.51382663549,2414.93515895323,3305.20176120891,2103.31562354166,3075.92693455192,3052.37532597952,3081.02620200583,2508.36831963289,2550.49886320448,3764.07668196149,3486.45489335441,2969.53337153705,3489.31647267719,3176.09636292075,2398.72112144124,2318.17847213688,2322.32279395717,2611.74118216424,2039.78123625706,2298.9061685369,2989.33611176133,2770.30671851242,2981.66938934793,3941.20243926254,3655.10195419436,3746.27985578626,5207.805845922,2374.18136502313,4074.87738221158,2197.18556473407,2179.20182011354,2662.00070159926,2478.04211209788,2411.62288760611,2231.98898438504,1352.39435907802,2277.16755703445,4671.80421325727,3365.27433716452,3257.65741902967,3601.08938054448,2189.22259268043,2306.31464693648,2369.44294033964,3766.99294830867,3467.03087681845,3576.33952453385,3589.84160275301,3853.55153831918,3884.74585374858,3753.72113235068,3724.86355825641,2192.5271243243,1841.5489937785,3607.60371336061,4091.89297784489,2102.85494208146,1714.31165762501,1754.98029246076,3985.49210319609,2903.53280029721,2331.5385954882,2195.17574840681,3223.02968449243,2337.38753303893
"CA-NS3",5316.71605910922,1600.71377121478,1215.79226394965,2256.8102693193,1873.08743972155,2071.50131459467,1129.82899234305,1604.57310591152,1233.29534876594,523.072092178452,0,947.571625263784,656.743314322168,2283.58564185968,853.183601973653,1674.44217248445,1770.78617484744,2385.74905706903,1833.96707911568,1979.48430876912,2080.4407182561,3437.02375476437,3713.68343246936,3517.49349960834,2645.83724382438,2533.54987403756,2969.68492506466,3206.62218963959,2266.30784461368,3849.13809160011,4072.67666305262,2466.08555321721,1307.47967575642,1415.09885734748,1561.73755159875,2656.06311527986,2411.30677320901,2522.81925067204,2530.60996100161,3345.72130632127,1817.13040185904,2614.64921342019,2557.79504234789,2606.23936048952,2589.16465175025,2549.0307132716,3138.91412799333,2699.62430397882,3426.20725876573,2097.16557749637,3599.37059114681,3389.6787246165,3355.03269728948,6208.35997280566,5251.62333866054,2649.67785101121,1693.62269467511,3108.86474073594,3337.5744647357,2821.37791895775,2348.91341170909,3519.3460137743,2097.97035963735,2884.53710694653,2915.97961129263,2987.50740628444,2466.62399136973,2547.64154671132,3583.5061619634,3344.08012676162,2881.95837980114,3377.05606017738,3164.22109057433,2252.28071736345,2300.86449001087,2137.29195810749,2457.4173239537,1907.45839657291,2095.3168264448,2987.12709885156,2710.34680180726,3028.45376875407,3792.08010446753,3560.23935903756,3598.59628445891,5282.81190664181,2470.82462360634,3929.28048596821,2114.28292092266,2058.05538792224,2521.13902160869,2336.32096444258,2264.48791442261,2105.57497485981,1361.44379457558,2210.30740131708,4511.90959649157,3211.94327038938,3104.10104716523,3550.70330186659,2045.35742100146,2217.97755185562,2289.27900629903,3704.3685188723,3296.85811076748,3422.3734497718,3417.86950217118,3706.93544757375,3723.34602130552,3631.49611169985,3606.56431638693,1998.49468603907,2004.79555212971,3421.2715524431,3887.16811667743,2013.87428072977,1708.92794851187,1787.51549465742,3806.21243850281,2748.35292855904,2481.25101722891,2004.75313030291,3114.74637911233,2225.03138958962
"CA-NS6",5036.45425877787,1129.19547949486,907.0616958978,2540.8600558002,2319.16066332243,1844.50394053871,1412.5354414864,2102.96096282623,1111.81520820054,993.778348174856,947.571625263784,0,830.231000701343,1669.32685144096,1256.43431052945,1217.34431104433,2068.14762741353,2776.97655140007,2346.50840190067,2483.53215661425,2515.16486582572,3684.40991632909,3955.06456412811,3701.79166504756,2641.72037622681,2657.1650404145,2752.82837836498,3412.90427718313,2263.41064250513,4042.29668036039,4166.42029725806,2042.03117246434,1564.00892841899,1540.31227947754,1654.93351906022,2342.00376801486,2519.51570516358,2101.92233353715,2089.4512651355,3174.80693003688,1967.07972070549,2422.09288813397,2704.17876175666,2740.47010933359,2579.53831102324,2629.4962272256,3263.2536121157,3185.12303297609,2806.81094475255,2231.5064214049,3684.19046030227,3344.21725116799,3302.29233635339,5531.3212883967,4788.30796100563,2891.39745373042,1694.11667183619,3407.80350739721,3665.08399667241,3097.95456025778,2383.97604298225,3777.87704471357,2483.99067606264,2977.40817913377,2504.88875222167,2655.13334087801,2283.76618027206,2272.65241730924,3822.34101158012,3601.05615133748,2506.3204205362,2839.57054565229,2798.4686667357,2289.10115524148,2793.49894264956,2411.94425364568,2726.04335029869,2249.33533078748,2465.06689230568,2716.21741105813,2876.32640080878,3501.58111306278,3831.43812549535,3655.47680205733,3363.04424473128,4974.16140040515,2740.0025882571,4017.77501369833,1692.8089644578,2232.26163349505,2296.17116897821,1992.30214418388,1919.14730199871,1958.95382876886,1314.61490579429,2337.11115586908,4697.39357902511,3410.1610920191,3342.19290626152,3884.41164960662,2174.30791486871,1948.42313183962,2745.82932082854,3361.02732971044,3591.60133656401,3659.40887459427,3687.32988620495,3922.83325836803,3938.06484387926,3845.10039885771,3877.63981082752,2137.90725284243,2184.39561080936,3638.03223146113,4021.16887625029,1713.43498432458,2135.91280151889,2239.09177706867,3885.07709198619,2920.1291557585,2356.76429333539,2158.05179323061,2918.66519694436,2333.06989002189
"CA-NS7",5227.10601907271,1520.10548244972,1164.59427181219,2149.73985742674,2100.36958471284,1977.31670615879,1066.42987814398,1854.99115113928,1517.32421981876,890.934364998417,656.743314322168,830.231000701343,0,2068.37464878992,1090.66466666816,1404.15508024931,1699.24305474265,2436.41289082698,2058.52197927602,2245.87021272768,2296.83226554895,3226.16434617277,3538.96611943025,3205.0576926719,2510.9341672773,2341.9804866833,2788.70584791253,2904.02701110039,2370.4069707813,3621.43770094391,3791.40232843999,2393.46768920082,1180.10390224846,1309.76746775967,1335.30118600669,2533.48053576633,2164.17436023197,2258.84899322796,2268.69119653936,3152.34321017306,1474.14938693455,2419.58662996562,2425.43086445317,2462.29873305616,2448.32175535052,2368.01906799006,2763.64291301109,3001.55352105949,3221.20023644239,1898.19976286622,3400.8221535885,3193.59514885036,3482.8096358723,5923.00823608274,5099.13434770454,2758.80785930281,1452.18298097855,3050.49724634201,3463.05519993648,2964.99247226727,2157.12802351171,3913.25123399364,2317.98863746256,2493.30598874558,2679.35805310944,2983.43240728503,2207.78964298007,2307.79630837391,3342.15221811778,3167.12499898112,2805.59702599441,3233.43259351077,3170.01993035633,2069.76906648367,2560.50418304205,1978.11433502924,2341.42859474859,1894.33673311744,2036.45081433159,3091.54230717048,2829.28342502138,3199.32830103112,3711.40021693765,3621.36899698422,3531.96202034313,5534.20105785491,2662.12463819628,3815.28293339738,1912.31863338765,2002.18383330188,2252.94070056514,2158.05081672512,2007.77079573556,1877.46716030188,1200.5461900512,2215.45591863489,4274.46668497431,2959.16594035878,2929.59061127184,3424.38735922516,2027.5361070145,2030.48805095434,2403.97847912098,3638.70267296882,3154.90756874883,3217.41482646467,3226.70003697028,3487.67872133794,3495.72452935899,3470.05628574491,3467.32444363618,1833.8053129902,2279.04380692071,3248.18066796825,3704.63657119475,1765.83182912702,1906.40793236243,2017.41515053302,3441.58097485769,2791.89789876579,2740.01678273436,1819.50544731869,3136.18610473494,2132.57347249664
"CA-Qcu",4491.89142295527,1281.55070949639,1735.54337739987,2564.33041402481,2946.27088579136,1802.9881616338,2224.3946354746,2911.8013504905,1965.90824633963,2382.65165711698,2283.58564185968,1669.32685144096,2068.37464878992,0,2080.61316977488,1290.60043121154,2429.71825830216,3177.50181806434,3113.25350482754,3253.92832381314,3153.68008829798,4280.02022042142,4868.45063629878,4390.01111464263,2942.77697494292,3353.49481323634,2813.94498988276,3934.92121788645,1979.15569011733,3681.62209796994,3776.88453921488,1477.43790015799,2357.94923437393,2180.94088640082,2073.09023303246,2018.01799491352,2850.01535959459,2142.16584647278,2009.20337710751,2728.09631079198,2342.85558270805,1679.88887494232,2733.68417826347,2905.38913701079,2589.98257603628,2619.35557454596,3777.75267845126,4060.24112786229,1745.19370618313,2610.17673104463,4005.65213697311,2663.78325527628,2990.6091989023,4261.76167057285,3736.16930512506,3282.52803080126,2047.71333598801,3929.3891345082,4112.20159784799,3237.59866300856,2473.12451635858,4344.25178595143,2949.94803418764,3510.54727704609,1807.42735214062,1753.58150903178,2485.07194453637,2402.91436356587,4556.75530591181,4387.11965920428,2209.16025355869,2142.13792872956,2697.26872711795,2482.6166853203,3156.19387260116,2776.02986623897,3029.63081157357,2768.83425589753,3016.44822233892,2494.38449931525,2670.32178111579,4304.33816541222,3544.73281700048,3570.95210821782,2731.5962330014,4188.19323593443,3272.76917143407,4200.4598447168,1707.98771284366,2526.50085556445,1745.49229086586,1810.63059374313,1795.5756718626,2054.97917529735,1815.07048549937,2543.86723153468,5419.64923867622,3727.9277607673,3549.13695535426,4796.16104722009,2587.71403148021,2087.02163908283,3532.53880256648,2722.5247575919,4430.03474139887,4458.69994333366,4489.91010630521,4557.34362803381,4384.39172217389,4619.84303209505,4473.56906351976,2502.5067914988,2583.79073349353,3542.22829448128,3765.45336087758,2079.19654483584,2990.85922074546,3102.67036967453,3935.80201781554,2995.96644906471,2313.11350584806,2350.77021252199,2350.10143648227,2198.6450534255
"CA-Qfo",5021.38445938012,1639.44842178914,1254.41247054169,2089.22171379324,1431.68496911649,1968.32059781673,1059.80544399219,1293.52067064553,1168.2794205067,803.255003938527,853.183601973653,1256.43431052945,1090.66466666816,2080.61316977488,0,1716.88118656105,1618.34992220492,2107.01661250321,1491.01464718266,1544.6946217465,1637.32637045947,3504.13482658907,3738.59832055724,3684.56642172157,2511.20077383591,2553.66809377403,2821.71069414314,3272.24448511277,2074.56477206708,3759.5159114929,4002.94691491652,2303.61383704312,1399.7820814095,1350.22007207465,1532.04537205985,2457.73182187404,2241.95109530866,2428.48891231559,2409.83147059535,3194.00144930245,1980.22706699876,2403.22014274077,2428.44338673782,2494.87833170195,2463.15485524168,2451.87518146251,3234.86683404141,2380.29675292148,3227.21081736994,2099.7825207109,3517.87092027641,3204.68263778025,3038.19331897119,6024.28454970686,5051.31193386828,2386.57214682109,1719.9151204012,3032.87466517778,3148.36140605652,2506.22572424599,2224.22184469976,3098.43999274336,1709.9833833782,2957.04143288198,2744.76085843551,2754.35926992366,2680.83123869953,2736.61765331963,3727.68665503216,3431.41230384848,2731.26601608133,3279.16405949739,2917.62242538353,2202.07903370273,1968.49752441374,2084.97264207083,2393.5307186493,1840.11382162253,2078.9118472664,2634.81794918588,2503.1896868748,2700.47535127501,3589.94094533279,3276.76866274391,3411.19989271566,4851.94262280709,1979.29725907363,3886.2091164005,2221.88048738271,1914.10852615734,2367.28083509785,2198.51505052556,2131.71657742084,2016.20669476543,1370.7955164529,1895.42075540212,4649.10277931995,3190.10463326743,3035.82642762124,3533.54121466123,1918.97907092922,2098.761488569,2130.54536300475,3510.5197090889,3377.94256643397,3498.36519345196,3499.57293453837,3794.43454586363,3773.86040059261,3711.08344701006,3558.93579756761,1996.70493621305,1456.56062447632,3305.13904998371,3747.98698269458,2278.92675230122,1369.99029194694,1404.19967735278,3739.21203182474,2594.93040865568,1926.70288163596,1991.08472957564,2940.38756877678,2059.43468407535
"CA-SCC",4547.83801034347,1233.28035552543,1304.80204911357,2194.82055865462,2566.57560371029,1418.20136942455,1726.57156651759,2618.10084791428,1441.55920975028,1710.49490326104,1674.44217248445,1217.34431104433,1404.15508024931,1290.60043121154,1716.88118656105,0,2129.8707214993,2896.54503395354,2705.56265200453,2848.83546513343,2752.25912652967,3767.81118587952,4244.42162450773,3779.86696839879,2367.80457098596,2787.8716847944,2247.69136693849,3388.41689592484,1950.26246505439,3509.04745229056,3680.00921004679,1598.93448844108,1772.37830010025,1564.44332606636,1563.35877559054,1934.78110153822,2442.50875849038,1928.81851693726,1792.26597416648,2592.21352420687,1825.31214312753,1934.60717000973,2301.05455425619,2422.46157506515,2117.6392656995,2178.8846482048,3071.72667852518,3577.48425964874,2447.06971816544,2143.56987049293,3270.52391861344,2747.88722544879,2989.64521157816,5092.8235467078,4360.21817407893,2660.06425171017,1583.61450794518,3384.36598085744,3548.92811220714,2799.94888380137,1991.0843778241,3992.01398404425,2607.50177389844,2899.45897107864,1974.40871922347,2274.59748546045,2250.85858685279,2242.91144373241,3924.71706133245,3694.03147231519,2027.72773006915,2291.28125102872,2436.43477847231,2103.56701777338,2688.00655057939,2259.055184417,2562.11214720953,2230.08521052295,2481.13647097245,2429.12644662686,2648.69199319471,3818.83701866717,3394.16914238984,3347.49596782422,2856.86186872925,4902.83185979101,2829.93536108994,3999.06470259319,1542.62707879893,2136.95587481928,1738.3938512831,1694.0506817655,1645.04614899153,1783.77981114369,1229.28492612967,2101.0957799395,4831.21147434271,3393.17199018292,3158.60628222114,4071.03349767338,2174.47748799098,1810.0668613743,3092.47389502389,2886.29647451301,3839.68588014715,3921.88996871284,3914.83415819901,3932.92345081078,3885.06935852096,4049.57286977995,3874.21865475047,2048.70810552383,2182.33674980811,3088.22694381981,3489.75135241949,1778.0793226403,2555.62877038286,2666.95235034988,3399.03974786315,2634.28128737122,2314.78211974357,2018.23057469624,2479.72910689879,1915.70740302134
"CA-TP1",4226.91181645798,2308.74575357737,2128.8471070915,1345.31802453563,1462.09844189429,1483.62977711018,1182.3336370611,1702.73868184549,2156.73597681127,1927.73141789107,1770.78617484744,2068.14762741353,1699.24305474265,2429.71825830216,1618.34992220492,2129.8707214993,0,1315.14086545951,1074.55061058412,1262.98803565942,1440.57627360171,2531.48741393898,3275.4886271488,2873.36421999468,1962.77470272766,1768.39402548274,2057.61162229777,2336.12183538895,1767.80602740519,2567.3414033172,3136.04617521537,1906.9347282717,1619.72152118741,1698.57740942201,1717.45144521969,1793.63360737905,1390.32309680372,1752.5076492015,1697.99383974942,2141.95511735376,1871.95216146681,1836.45087187324,1627.77459081995,1564.39564480534,1695.29957394697,1681.05898607885,2211.65705900474,2682.88304129417,2511.4352842185,1341.71369638324,2694.04411992923,2170.41534567952,2401.48613052145,5252.45534594588,4310.02126141026,2216.78650994707,1336.10389893611,2123.11576564215,2696.31946544969,2213.06635632393,1736.62120555505,3923.90142865367,1783.8298672575,1970.77121990164,1899.78892544676,1969.09356834095,3068.18042698624,3115.51498051732,2928.48939873932,2738.98833121489,1917.97494189462,2387.74197439947,2404.73539114203,1561.04061496389,1786.73850607689,1351.49032012713,1803.93087154429,1271.04400894346,1375.51026832353,2194.3039363938,2108.23583954762,2450.48624877366,2649.69573052921,2685.46822733804,2464.52907626754,4687.70043358228,1958.88842050594,2796.98009674394,2510.03875925455,1477.84101410887,1765.79383762689,1588.41484067535,1651.87731540246,1483.61805853902,1826.71108969002,1615.89334260995,3911.50198614209,2174.1209807776,2145.05805835841,3135.76462008511,1441.44752241843,1690.857851573,1663.32707001763,2958.93465885723,2572.08975181881,2705.65489578631,2675.0371468406,2979.68262950183,2793.2331483919,3049.2642160286,2785.58469211572,1425.11120577737,2156.24863160641,2317.55232126758,2818.79870980201,2638.33078437559,1490.01759716238,1535.94862238874,2501.99090153341,1765.26188180933,2584.21883733754,1454.16539759181,2218.35188595031,1572.73866201392
"CA-TP2",4162.40560931278,2952.98680804234,2638.13279804921,1944.13484773173,1419.74854482762,2416.49834605769,1923.31350714171,1694.02548750904,2724.81126856145,2481.94503177229,2385.74905706903,2776.97655140007,2436.41289082698,3177.50181806434,2107.01661250321,2896.54503395354,1315.14086545951,0,1263.36818738295,1521.7482753014,1614.76171780656,3395.9654072213,4004.88485303777,3838.66380534534,2764.77069418375,2606.67491655866,2713.82729742714,3273.85813334256,2086.90083835535,2587.50219239825,3429.90163067062,2357.78369633044,2361.21035881582,2292.3388216048,2461.48008774589,2187.98963874826,1874.09398394709,2133.17664306121,2167.48238475009,2351.55308130259,2701.81790983455,2592.88474032645,2258.97311324264,2229.67399566083,2410.71589541723,2375.7864556531,3284.71199650532,2725.51348767445,2951.65567986169,2200.98744207573,3538.2879048184,2740.28565319506,2297.68734145077,5758.44424534885,4776.46574593223,2795.55854659516,2230.40720519057,2614.63810043054,3124.9928759507,2780.38259016346,2579.25785736313,4248.88487663782,1666.82617250021,2935.05385325205,2335.16617938873,2303.090335163,3854.04198347727,3906.52880834376,3809.68236359481,3574.32737631151,2570.48505969544,2915.90917696834,2598.32685972159,1985.01837466819,2201.95455314987,2232.66879180628,2519.7674936828,2025.66457259175,2195.60229307971,2416.7350218705,2411.1900174878,2676.6886206799,2632.08362531876,2288.24654192693,2610.43605024393,4429.37192575362,1688.13585466677,2990.00670643918,3346.44243666719,2054.4591195017,2228.03978211378,2118.59869304965,2159.76578444288,2066.35199667789,2594.98863580369,2119.2290383582,4812.01034942618,3123.50701905422,3058.34160313978,3860.94393609687,1795.06997159551,2078.64288726474,1687.77654334506,3373.02079436146,3328.25897292485,3516.88787307163,3430.5170348563,3892.00624770945,3580.82984954769,3849.10856853829,3571.96588748344,2142.67599109255,2299.9338030213,3101.88156561335,2903.40693741105,3475.61404441086,1489.6032296755,1614.45788191399,3377.74474058844,1953.93939494798,2609.66741701687,2288.76898212582,2727.29559111701,2357.22692236894
